":START_ID",":END_ID"
"52d62651-ff36-4ca7-9365-7d19e2ecb063","02ecee93-738b-435e-8c9e-c142e72d2abd"
"d276617a-b480-4f6d-9545-132ebcd35d48","1374c1c0-1d06-4d2e-a5fd-1c72db675689"
