":START_ID",":END_ID"
"806d4239-4b03-488b-a580-a93b5477db5c","16646106-da1f-44ad-a10a-d0253e59c15e"
"806d4239-4b03-488b-a580-a93b5477db5c","b52e5e3b-58b0-44ac-8f0a-dc90b252a3f4"
"806d4239-4b03-488b-a580-a93b5477db5c","b839c61c-1a13-419d-8c12-2560425eae5e"
"806d4239-4b03-488b-a580-a93b5477db5c","a18fcc6f-8a31-46a0-b21b-5ec2a1205860"
"806d4239-4b03-488b-a580-a93b5477db5c","ef7360c8-1b6a-4fc6-b9a0-887e919c571e"
"806d4239-4b03-488b-a580-a93b5477db5c","0d619229-0158-40e6-8bac-69d0930bed07"
"806d4239-4b03-488b-a580-a93b5477db5c","937b7ea1-ee9c-4a2a-a429-5a66cb8b4be4"
"806d4239-4b03-488b-a580-a93b5477db5c","3c21e27e-a008-4edb-90e9-e9e43dec6968"
"806d4239-4b03-488b-a580-a93b5477db5c","4a321869-64f2-4692-8833-dc5d9a2618ff"
"806d4239-4b03-488b-a580-a93b5477db5c","ff406fcd-0bcc-43f7-b7c5-7430db0461ab"
"806d4239-4b03-488b-a580-a93b5477db5c","ccf3324c-ac16-4575-9d71-4b1efafd40c4"
"806d4239-4b03-488b-a580-a93b5477db5c","dbec8c4c-4ce9-47d8-94cd-3363ab7fe254"
"806d4239-4b03-488b-a580-a93b5477db5c","c3ae24a4-8456-4ca6-a790-fcb21cbd8a73"
"806d4239-4b03-488b-a580-a93b5477db5c","8af1c586-85e7-4802-8896-abc94adee397"
"806d4239-4b03-488b-a580-a93b5477db5c","73639419-de14-47c5-baa7-2c5481497e77"
"806d4239-4b03-488b-a580-a93b5477db5c","5c94caf4-bd13-4020-ab43-58177df6b9d3"
"9711a05b-fdad-49f4-b641-57ad9e06aa2c","aaca5f23-863c-4841-8576-77d6bb9defa6"
"d2b6e786-c2b2-4bfc-8caa-57628e034dc8","3498ed20-a42f-49a6-baed-3b6ea9a85513"
"43de16c8-aceb-499b-9f08-7adf985ce2d2","6e222b13-e476-40f9-8a83-50152ca850d9"
"43de16c8-aceb-499b-9f08-7adf985ce2d2","6d5a0e91-a816-4251-84da-e8f624b4e1d9"
"43de16c8-aceb-499b-9f08-7adf985ce2d2","51306bbd-7629-4d6e-bb2b-1ba7fe1c5cd9"
"43de16c8-aceb-499b-9f08-7adf985ce2d2","f4163b4c-6698-43ad-98d5-d1b7dfe02da5"
"43de16c8-aceb-499b-9f08-7adf985ce2d2","bdbd735f-bb28-4470-916c-1b3ed8ed8adf"
"43de16c8-aceb-499b-9f08-7adf985ce2d2","6ddb1543-c3eb-4fa7-a6cf-37930041c7cf"
