":START_ID",":END_ID"
"74ce763c-8428-4480-b334-d26a44a0dfea","7e570807-9f7e-4f07-8382-64b3fa28d5bd"
"e464a294-2c1b-448a-897f-27ccbde8761c","0d1e5ed6-6021-419d-ac76-f69d94833062"
