"uuid:ID","instanceType","id"
"005b6ee4-2374-42a4-858f-3979061ea51f","SubjectEnrollment","SubjectEnrollment_1"
