":START_ID",":END_ID"
"aca956c8-31f8-48b8-a6f3-3392154026a8","e783feed-8fa8-490a-acac-622fd8ef313f"
"f46c537c-acee-4ba4-8290-a2f96780a76f","e783feed-8fa8-490a-acac-622fd8ef313f"
"be503f06-5bc1-4fbf-80e0-2e25a17410b8","07b864aa-2f6d-420a-8473-9de5b5d6068c"
