":START_ID",":END_ID"
"b7cb2a31-7b84-47a6-9112-010741e63ea0","7e2a36df-c842-4a84-8ae2-275dd1f1ee3e"
"5b2cb738-9701-4624-8cf5-7836ab0082d7","f1a50c4f-c849-4238-abb4-8e7346334c7c"
"86b0ce94-dd87-446a-9995-8e8c01af548d","c89aac81-175d-418c-ad8c-ed4fcd87698d"
"79938f8c-bee7-47a8-a8ba-a4cf5b7ad07f","ea3ce8b8-15b0-4643-bdaa-83aadfa5cd83"
"b70de9d0-7b70-47e5-b499-96d2b72de455","411437cf-0a2a-42a6-8d54-73a765277f30"
"4e7e1d3b-7aa2-48b2-b82e-2c0a59021ab8","9828a49e-3bfb-4b99-9d14-4c72c4cb5fa6"
