":START_ID",":END_ID"
"ab6286a6-e139-4ac7-8480-bd0122e0d7ae","635a7872-980b-4e04-91fa-be5f022f8232"
