":START_ID",":END_ID"
"acf4f5df-0781-45c6-9f19-b5ba4f6fec6c","353480ac-da1c-470f-ba8f-b1fa54f488fc"
"64ed88cb-a39b-4a4b-96b7-ef22f01b7321","073adb94-d696-4ea1-ac7b-0532cafe376e"
"9fe73b1f-a383-4a4b-a976-e4622105186b","6d9692e6-c663-4762-a412-a4b5adfca9a2"
"f7ce611f-a5bb-401c-888f-0d89cb92ba84","6d6b312f-74b3-419c-a8df-f5f1b06732f2"
