":START_ID",":END_ID"
"dad164ea-ee4f-4b1b-90d5-25f8044058c6","002fe224-2dff-487c-89c0-f2a7768fbf15"
