":START_ID",":END_ID"
"c3128f0a-3969-4af9-827a-a383cb50853d","bb457da0-381f-47da-a68d-ebc9f608ec64"
"6a660a1e-b7aa-4fc9-b1f0-327106ee074c","bb457da0-381f-47da-a68d-ebc9f608ec64"
"f42c9a72-bde4-4f02-ae78-42c12bc348bf","bb457da0-381f-47da-a68d-ebc9f608ec64"
"30ab42d9-1c01-42a8-9307-3f579c2a8cdc","bb457da0-381f-47da-a68d-ebc9f608ec64"
"d0a964e0-7ff0-4c09-b2a9-c5d368e601e2","bb457da0-381f-47da-a68d-ebc9f608ec64"
"5ad13c23-5c9e-4161-88b5-4193d7d82fd9","bb457da0-381f-47da-a68d-ebc9f608ec64"
"9c79b833-c99a-47d7-bea4-7b7fab939371","bb457da0-381f-47da-a68d-ebc9f608ec64"
"a8c1e328-1f8f-4c3d-8950-3bf9dda393e7","bb457da0-381f-47da-a68d-ebc9f608ec64"
"c8d24619-9d54-470a-8585-dc8b1823293b","bb457da0-381f-47da-a68d-ebc9f608ec64"
"36b4158a-cbfc-48d5-89e4-4b42f2b55884","bb457da0-381f-47da-a68d-ebc9f608ec64"
"5102bfc5-d335-41c6-82d8-58192add1bf2","bb457da0-381f-47da-a68d-ebc9f608ec64"
"01b5588c-6a97-4f7c-8223-fc3e4eb39bb1","bb457da0-381f-47da-a68d-ebc9f608ec64"
"59d91d4f-67da-4cbd-9d9f-7d15ee69cb96","bc8485f0-c1f8-43f7-bbe7-cd7bb049f0af"
"57d62243-a3ab-4226-8502-f28513d23b4e","4d5f06ce-8ca7-40c4-86cc-dbb0b64aad1a"
"143fa4b3-f1c2-47ea-858a-90122d94cb13","8f0fd570-2785-41e9-bcc1-3e697d1d8063"
"06bb7191-b406-43ec-93db-8aed21ed39e5","1602babb-ae9f-4034-bbf6-4deb959fbcd4"
"7d166301-a747-4e3c-83e6-04b02f32561a","bddf6e30-9605-43ca-938a-2448236ac749"
"56daa13d-7272-484d-bf32-0c7bc3ab8751","711bfb5f-83c9-4e10-9bea-86c7ed108dba"
"faf04f0a-60ed-4d44-916c-f34a92422783","b6b805ff-6abb-4a17-acbc-b14fb79a5f59"
"1a8d2813-bdb4-44b1-9b95-19116d7b1071","b6b805ff-6abb-4a17-acbc-b14fb79a5f59"
"6530010e-681c-49d3-8c8c-8a545f2949c8","7be79281-8914-48b6-977c-1825b76bac2c"
"3896ea4f-20f8-45d4-86b3-19deaf3ab63f","021f4548-db52-4d09-b7a6-92fb6adb0540"
"57455b8a-2c88-439b-a42d-f4080afddba8","c3282b96-d14d-4e1c-83fe-33aa8e668402"
"2fa0c071-a3a0-4e09-ad91-99479ed7e9fe","43673afa-b85f-4751-9f28-1cff186faebd"
