":START_ID",":END_ID"
"e3b41077-a1ab-439c-8192-b6863ab6768b","144f61e3-879d-41cf-afb4-6c3b26a85156"
"144f61e3-879d-41cf-afb4-6c3b26a85156","fd768ab3-c5d0-4854-ba1d-131098c33600"
"fd768ab3-c5d0-4854-ba1d-131098c33600","3f2d1b33-a58b-417e-adea-cc992e5ea366"
"3f2d1b33-a58b-417e-adea-cc992e5ea366","cf18f33a-09e3-4a0e-ba97-30518b2130b2"
"cf18f33a-09e3-4a0e-ba97-30518b2130b2","7e530fe5-82cb-4b66-978b-301105e4eeae"
"37251047-e1e2-4c40-b7d7-854933e3355b","92a6b43f-b722-419e-a4fb-8ba0921f92b2"
"92a6b43f-b722-419e-a4fb-8ba0921f92b2","2f6d8c41-cc87-4ebc-bbd2-6d299f02adbf"
"2f6d8c41-cc87-4ebc-bbd2-6d299f02adbf","b09fa4c2-04b7-4bbb-90c2-7bc31702bc4e"
"f7a61f51-1d0e-46d1-887a-70eaf4033e83","fda15820-3935-424d-b34b-ee5896c4bbfb"
"fda15820-3935-424d-b34b-ee5896c4bbfb","58c7add2-6b5e-45c0-9eca-643d72a8013d"
"58c7add2-6b5e-45c0-9eca-643d72a8013d","31abea6b-ae57-4ce9-9ac7-0d3df45bca4e"
