":START_ID",":END_ID"
"8fe53782-ab4d-4a66-a1d1-78744dc510de","c5fb8870-5cca-43c6-9d4b-18e289e203ba"
"8fe53782-ab4d-4a66-a1d1-78744dc510de","bdd4b7d5-a8c4-4d7d-a1b1-e38defad51c7"
