":START_ID",":END_ID"
"cf284827-4ec9-4082-a529-643c7deb42f2","7b3dfaa4-a5b6-43ab-92c8-3cb1b7b652c0"
"6c8f59e0-078b-4c25-89ec-8c744ef85f9d","10ddd9a6-30a5-44d9-83b2-dbe126d98646"
"9d34a4ab-272f-4803-8745-d5699c4ddf8f","995b2f8a-674c-487b-9f94-5872c7f0b219"
"9c8b48e3-7314-4528-b7da-25c64c90e8e9","7046bfec-e984-4514-913c-68b4415d40e9"
"3e33dc98-61b8-4cf1-9ac4-cf513b9af6b7","4f5a34ba-9db7-405c-aaaf-8c60ea02cdfd"
"e8a8256c-dcaf-481e-b2ba-925103384766","ec5afcce-6d28-436a-acf4-a237c6d8039c"
"028dc721-1ae4-4bce-9715-ea58fcf35b1b","0a8c923a-5ea9-4849-bd4f-c0503342b684"
"ad73aebb-fc11-438a-a6e4-3052f1a2bd0e","a5368270-edcb-4fb5-aed1-69e0e474199f"
"03570ea6-7525-4024-b977-8f2106eb4ae0","58031f08-a27b-4a10-b103-a2eed433012c"
"cb361332-5152-4ba8-b690-d1e433680753","89e75626-338c-4c24-aa9d-88b3f0a19dd2"
"c46fd46b-1176-4f55-a39a-dcdeac90f690","10618274-3df4-42b9-9425-ba5834517aa0"
"ca7a2374-9f98-4c2e-825f-d0106461741a","f10a3c0c-e329-4093-aa0f-a78d185fe82f"
"ae01d0c6-dbf1-4400-aaaf-ad8121e5c432","076bb351-0918-40f7-a45d-646eb80a76a0"
"1545a9e8-5ab0-429c-afe9-e315d2c7a23b","6d4a79be-d25b-4b20-a3c1-bec5f8a89af4"
"8fbdddf7-538a-4fd5-a4c4-e51b03758f8f","b471f79c-6432-4cbc-99d2-7cf618df8494"
"3b795a73-b9ad-4427-b03b-a18a87de079a","b076df9d-95b5-4d84-9ec9-924804104cad"
"66e04ff4-08c6-4172-a425-6173f549ded2","76080218-b655-458b-8aeb-5606629fb8a6"
"d1170a12-f8b6-4236-a079-da344b60efff","04711127-c96c-438e-8ccb-f31124207f33"
"8ae166f6-1329-4218-a4f3-ab1f19449266","cff060a5-360b-47b1-9b48-0af180e997d6"
"5d9b8067-cab1-4125-b989-6b05431fefeb","c0c34a3e-e6c3-4d26-aa27-b40fe9a96642"
"0857ab32-7972-47ea-add3-edd253a18f19","6ab725b5-9888-45c3-85ef-47b86a6590f1"
"d6801452-e8fd-4d54-a063-2e5f0b729d08","85215f1c-5023-4ce7-a3d7-af68acd1413f"
"947ad7b3-1adc-41f8-bfa0-0c7e911f899d","9aaaeabd-4910-416d-a0af-b82c03a8cfe4"
"61555941-6c93-4fc2-91d6-f08b46dd12b1","2cfe9bdf-f472-4275-b407-fd9d258b5fa3"
"ea95b027-6308-47a1-94b5-f6a3a9ef864e","00a2951b-45e1-4824-a703-07d90c05470a"
"ed510882-d58e-40c7-ac78-1128cf15816f","36ced4d5-3d13-4ae5-a2d9-1516bf29bd76"
"621b5f3c-6c1c-4cf5-950c-475ec46686b1","af309751-23aa-4ef4-9836-1982db2ff0e1"
"c2be76d8-3a89-4e6e-a7a3-30160ec02854","58eba0a1-5276-4d9c-9d83-a3aa75cca0b8"
"554d3172-ef4b-4f51-8efb-9f6ccefe915b","682c7591-ef8f-40ee-abd3-1a6186dea5fd"
"0136f7e1-52ef-44e1-9eb6-c38ae512b4ac","a89727e5-2991-40a8-9a62-5cf12f67773f"
"4080b9a9-6c9b-42ae-a348-50dbcf48ea77","5ef6441c-2510-4bfa-9d82-9ca510bbc9ea"
"b2c73c95-0a8f-4c67-ab03-711f17d3f3bd","c901e994-868e-4419-80b4-e33c99cd42b8"
"f0bf8520-ff9f-4557-85f0-6523315f3b56","7d58f6fc-88ef-47de-b1b8-a545db291586"
"66762aca-3ee7-402c-8a7e-2d05b02223ec","db5acb9c-01af-45e4-abf0-ef458497cda9"
"d1b936a3-2241-4dee-91a4-68cf24b3453c","2a3f6c95-b03a-4e4e-bfc5-9a38d4871ab7"
"41c1b458-a849-46fa-8951-b6f316744ba7","453cbcba-9df2-43b0-b880-af3e512c4ef6"
"95870e16-b818-4363-b536-e6a9c2030ff6","3c097bbc-f427-4446-ae89-ad2e48cd08ab"
"4f305d68-141c-4db8-951f-5ea8d77b6ea5","27e46dd3-aa0c-4425-80f8-7dda69a74238"
"0852e122-15f1-4ceb-849c-647a4af9de22","3958d688-46bf-4a8c-a4b1-b65e3f194efd"
"bdab5912-32e4-46e3-93c1-119302b4c3e0","67b691ce-6361-4c88-afb9-4ef3258fa053"
"07ec544c-0536-41ae-9dcf-391031e99153","49712aca-9f78-4082-a568-fb84b6591a89"
"062335d6-290b-46a6-84f7-55cd73034c5e","b63d4184-2dbf-44a0-8176-ecc41b973f0f"
"5f178b7d-289d-4e93-acd7-3872d64c740e","cf6da662-b732-45d3-bcab-c0f0dcf88625"
"95a74885-408c-448b-81ce-e9a2e1880bc9","4873674f-7109-447d-b81a-af0a79954e99"
"96ba9cc3-e798-4fdf-b0fa-cdbec42571cc","b3e8af35-4cb0-4c83-8f29-d4d67985da04"
"5f0d93d9-370e-4223-9aba-4ef67b273343","b62551d8-ae37-4189-91b8-11bd653ccf14"
"6697a612-44f5-40d9-bba2-fa4960d07c99","b2729585-a637-45b6-aec9-4f5b006dc672"
"fae6a29a-2af9-4b14-92fc-b36d88fbae3b","cff663ef-0d55-45d0-a538-d643a0439af3"
"1ba71b1b-5794-45ec-b874-c261e3efcae8","9f402d5b-a8c4-4010-a4f6-131c5e0a8812"
"bb06d3e0-a7b2-4b1f-9306-2d6723839a8e","4f491e01-a47c-4c81-a95d-657a4d3ffbcf"
